25 26 29 3 24 7 15 13 9 23 28 16 33 27 36 34 14 18 12 8 30 1 35 11 19 2 10 31 32 5 17 22 6 20 21 4
23 19 8 27 17 36 10 34 25 4 21 32 16 13 1 29 20 28 14 2 26 9 6 31 12 11 35 3 15 22 5 7 33 18 24 30
13 22 15 18 33 28 27 8 26 14 31 3 10 4 25 30 7 11 16 29 24 23 5 19 20 9 6 34 21 17 1 35 2 12 36 32
14 34 4 6 20 1 17 36 33 29 5 2 26 31 12 35 23 9 7 21 3 28 22 32 13 27 25 18 24 30 8 16 15 10 19 11
21 2 5 9 30 12 22 18 20 19 11 35 32 3 8 24 17 6 34 33 15 10 25 13 36 4 28 1 16 7 26 29 23 27 31 14
32 10 35 16 11 31 7 1 12 6 30 24 19 5 22 21 2 15 27 18 20 4 17 36 8 14 23 33 29 26 13 25 3 34 28 9
22 28 21 23 16 30 2 14 35 26 17 33 24 12 31 36 8 19 20 7 13 27 34 3 32 29 11 9 1 4 6 5 10 15 18 25
31 13 17 33 29 26 1 20 18 27 9 12 3 32 4 25 6 16 28 30 36 14 2 22 34 7 24 5 10 15 35 23 11 19 8 21
6 25 3 14 15 27 23 29 13 7 19 10 9 26 17 1 11 34 5 32 8 24 12 4 2 36 22 21 18 35 20 33 31 16 30 28
12 9 20 2 18 10 25 6 22 15 36 11 23 14 27 33 30 5 29 26 16 21 1 35 31 17 13 19 8 28 3 32 24 4 34 7
24 5 34 35 32 11 31 30 16 28 8 4 20 18 10 22 21 7 33 15 9 17 19 23 14 25 12 26 6 3 29 27 1 36 2 13
19 8 7 36 1 4 24 3 32 5 34 21 28 35 13 15 29 2 31 25 10 18 11 6 27 23 30 16 20 33 12 9 17 26 14 22
27 18 12 11 31 20 33 25 28 17 23 5 36 2 9 6 16 1 19 13 21 8 24 34 10 32 4 22 26 29 15 3 30 14 7 35
10 3 25 30 21 24 18 12 31 20 14 34 13 28 11 4 32 8 23 6 29 7 9 15 35 19 2 27 5 16 33 17 26 22 1 36
7 15 6 34 19 13 21 35 3 1 4 27 25 20 23 10 31 30 11 22 12 5 14 26 28 24 17 8 33 36 9 18 16 2 32 29
1 32 22 4 2 16 30 15 19 24 7 9 34 21 29 5 12 26 35 10 33 36 28 17 25 20 31 14 3 18 23 6 13 11 27 8
26 23 14 17 8 29 11 10 2 36 6 13 35 22 33 19 18 3 32 27 31 25 20 16 7 1 9 15 30 12 34 28 21 24 4 5
35 36 28 5 9 33 8 22 29 16 32 26 27 17 24 7 15 14 1 3 18 30 4 2 23 6 21 11 13 34 10 19 12 25 20 31
11 14 10 1 34 17 9 2 23 22 35 6 21 33 30 18 24 25 26 5 28 3 29 8 15 31 7 13 36 19 16 4 20 32 12 27
33 27 13 32 23 18 14 11 1 31 29 28 2 9 26 16 22 4 25 24 7 35 30 20 3 34 5 12 17 6 19 8 36 21 15 10
8 31 26 21 22 25 34 27 30 32 20 17 29 11 5 28 10 12 4 36 2 19 15 14 1 33 16 35 9 23 18 24 7 13 3 6
29 6 9 12 3 15 13 21 36 18 24 7 1 34 35 8 19 27 22 23 32 16 10 33 11 30 26 20 4 2 25 31 14 28 5 17
16 35 36 7 5 19 26 33 4 8 10 25 17 23 15 13 3 20 6 31 1 11 27 12 21 18 14 32 28 24 22 34 29 30 9 2
20 4 30 24 28 2 5 16 15 12 3 19 7 6 14 31 36 32 9 17 34 13 21 18 22 10 29 25 27 8 11 1 35 23 33 26
9 21 27 19 4 22 35 17 11 10 25 31 5 1 3 12 13 24 8 28 6 33 36 30 26 15 34 29 14 20 32 2 18 7 16 23
17 1 23 28 7 14 12 4 21 13 2 29 22 19 34 20 25 10 18 35 27 15 32 24 9 16 33 6 11 31 30 36 8 5 26 3
15 16 24 26 6 3 32 7 27 30 22 23 18 29 21 17 28 36 10 20 11 34 31 25 5 35 8 2 19 1 4 14 9 33 13 12
36 33 11 10 13 32 20 24 34 9 26 18 6 8 7 23 27 31 2 14 5 29 16 1 4 12 3 30 22 21 28 15 25 17 35 19
34 12 31 29 35 5 19 28 6 3 15 8 30 16 2 14 4 33 17 9 23 22 26 21 18 13 32 36 7 25 24 11 27 1 10 20
2 30 18 20 25 8 16 5 14 33 1 36 11 15 32 26 9 35 3 19 4 12 13 7 17 28 27 24 23 10 31 21 22 6 29 34
28 20 19 31 26 34 6 32 17 25 16 22 12 30 18 11 1 21 13 4 14 2 3 29 24 8 15 7 35 27 36 10 5 9 23 33
18 24 32 13 12 9 28 23 8 34 27 15 14 10 6 3 35 29 30 1 19 26 7 5 33 21 36 17 25 11 2 20 4 31 22 16
4 7 33 25 36 23 29 31 5 11 12 20 15 24 16 27 26 22 21 34 35 6 18 10 30 3 19 28 2 9 14 13 32 8 17 1
30 11 1 8 10 21 36 19 7 35 18 14 31 25 28 2 5 23 15 16 17 32 33 9 29 22 20 4 12 13 27 26 34 3 6 24
5 29 2 15 27 6 3 9 10 21 13 30 4 36 20 32 33 17 24 11 22 31 8 28 16 26 1 23 34 14 7 12 19 35 25 18
3 17 16 22 14 35 4 26 24 2 33 1 8 7 19 9 34 13 36 12 25 20 23 27 6 5 18 10 31 32 21 30 28 29 11 15
